0 357
1 329
10 159
100 120
101 408
102 489
103 358
104 198
105 138
106 473
107 192
108 489
109 491
11 184
110 150
111 292
112 301
113 414
114 68
115 461
116 476
117 344
118 278
119 277
12 101
120 429
121 465
122 5
123 367
124 302
125 277
126 277
127 13
128 362
129 347
13 408
130 347
131 255
132 303
133 18
134 209
135 277
136 239
137 59
138 292
139 250
14 491
140 228
141 301
142 244
143 248
144 492
145 301
146 55
147 435
148 139
149 231
15 242
150 411
151 439
152 245
153 340
154 311
155 59
156 19
157 376
158 8
159 159
16 159
160 19
161 313
162 253
163 65
164 48
165 450
166 332
167 28
168 40
169 26
17 171
170 336
171 347
172 350
174 305
175 84
176 135
177 344
178 184
179 353
18 84
180 139
181 333
182 155
183 413
184 358
185 406
186 452
187 41
188 64
189 82
19 215
190 155
191 409
192 235
193 74
194 5
195 209
196 429
197 333
198 437
199 66
2 313
20 249
200 74
201 301
202 301
203 344
204 277
205 100
206 27
207 354
208 247
209 305
21 215
210 458
211 222
212 264
213 465
214 238
215 182
216 333
217 88
218 95
219 314
22 61
220 465
221 207
222 118
223 388
224 157
225 7
226 30
227 13
228 139
229 304
23 308
230 250
231 52
232 277
233 157
234 493
235 324
236 415
237 174
238 163
239 302
24 491
241 155
242 406
243 291
244 84
245 228
246 465
247 301
248 265
249 26
250 42
251 206
252 272
253 367
254 28
255 408
256 63
257 333
258 225
259 56
26 347
260 277
261 83
262 436
263 184
264 348
265 386
266 139
267 257
268 301
269 364
27 464
270 66
271 55
272 311
273 233
274 393
275 194
276 333
277 467
278 480
279 59
28 336
280 98
281 133
282 465
283 332
284 381
285 465
286 379
287 301
288 465
289 82
29 24
290 218
291 359
292 359
293 95
294 273
295 370
296 346
297 76
298 9
299 130
3 491
30 277
300 148
301 465
302 19
303 359
304 260
305 428
306 335
307 408
308 302
309 175
31 129
310 76
311 5
312 169
313 336
314 194
315 239
316 242
317 236
318 450
319 277
32 235
320 5
321 448
322 216
323 468
324 235
325 139
326 346
327 277
328 277
329 388
33 333
330 277
331 301
332 379
333 359
334 465
335 124
336 348
337 66
338 292
339 313
34 270
340 341
341 133
342 159
343 341
344 5
345 76
346 157
347 26
348 95
349 173
35 129
350 359
351 262
352 128
353 359
354 277
355 359
356 101
357 302
358 250
359 465
36 333
360 139
361 393
362 197
363 283
364 9
365 139
366 230
367 380
368 308
369 249
37 15
370 139
371 359
372 220
373 178
374 250
375 301
376 398
377 45
378 60
379 463
38 254
380 440
381 169
382 359
383 238
384 355
385 157
386 18
387 448
388 139
389 495
39 229
390 250
391 210
392 440
393 133
394 139
395 223
396 155
397 465
398 84
399 61
4 175
40 79
400 100
401 218
402 156
403 367
404 84
405 157
406 68
407 272
408 59
409 437
41 353
410 200
411 216
412 192
413 440
414 97
415 194
416 127
417 26
418 159
419 87
42 15
420 301
421 262
422 350
423 95
424 235
425 139
426 452
427 255
428 27
429 277
43 156
430 250
431 37
432 329
433 75
434 200
435 359
436 188
437 277
438 295
439 367
44 302
440 20
441 344
442 190
443 161
444 350
445 173
446 74
447 332
448 194
449 381
45 37
450 277
451 429
452 173
453 332
454 56
455 397
456 231
457 353
458 277
459 95
46 304
460 465
461 238
462 461
463 193
464 2
465 440
466 306
467 371
468 339
469 302
47 437
470 4
471 370
472 77
473 302
474 341
475 257
476 332
477 30
478 250
479 301
48 88
480 125
481 30
482 175
483 233
484 112
485 367
486 95
487 91
488 353
489 277
49 114
490 95
491 196
492 192
493 437
494 95
495 5
496 468
497 454
498 441
499 11
5 15
50 426
500 231
501 139
502 254
503 495
504 148
505 440
506 255
507 139
508 489
509 18
51 264
510 292
511 235
512 59
513 371
514 408
515 329
516 289
517 63
518 239
519 235
52 64
520 262
521 32
522 159
523 302
524 175
525 42
526 301
527 305
528 209
529 23
53 206
530 424
531 410
532 214
533 347
534 380
535 465
536 465
537 451
538 32
539 216
54 253
540 305
541 408
542 359
543 95
544 87
545 369
546 367
547 477
548 255
549 392
55 371
550 44
551 461
552 356
553 13
554 301
555 301
556 347
557 56
558 59
559 198
56 465
560 20
561 301
562 411
563 250
564 301
565 5
566 91
567 111
568 5
569 429
57 333
570 68
571 302
572 133
573 104
574 359
575 465
576 335
577 139
578 139
579 331
58 199
580 216
581 465
582 401
583 198
584 95
585 185
586 479
587 148
588 495
589 316
59 242
590 157
591 59
592 376
593 15
594 359
595 152
596 57
597 19
598 167
599 346
6 489
60 364
600 159
601 209
602 322
603 302
604 287
605 305
606 277
607 159
608 432
609 30
61 451
610 451
611 91
612 208
613 411
614 95
615 184
616 339
617 59
618 8
619 359
62 393
620 235
621 359
622 74
623 465
624 237
625 277
626 228
627 26
628 139
629 347
63 139
630 273
631 341
632 320
633 23
634 453
635 188
636 454
637 61
638 277
639 5
64 316
640 188
641 159
642 489
643 74
644 242
645 316
646 346
647 159
648 255
649 411
65 359
650 311
651 139
652 121
653 301
654 359
655 437
656 305
657 343
658 239
659 333
66 408
660 277
661 392
662 156
663 56
664 95
665 190
666 9
667 302
668 191
669 235
67 112
670 59
671 88
672 74
673 465
674 292
675 454
676 25
677 250
678 277
679 411
68 175
680 139
681 101
682 350
683 95
684 209
685 239
686 491
687 95
688 496
689 156
69 33
690 194
691 332
692 133
693 440
694 152
695 333
696 367
697 479
698 57
699 477
7 277
70 301
700 277
701 173
702 459
703 479
704 479
705 100
706 440
707 359
708 192
709 379
71 118
710 421
711 332
712 461
713 336
714 108
715 437
716 283
717 277
718 277
719 55
72 341
720 66
721 152
722 403
723 179
724 364
725 206
726 13
727 159
728 184
729 76
73 332
730 305
731 257
732 373
733 127
734 376
735 265
74 112
75 333
76 15
77 451
78 302
79 184
8 138
80 216
81 476
82 250
83 159
84 496
85 214
86 281
87 470
88 150
89 302
9 489
90 381
91 26
92 171
93 101
94 37
95 337
96 301
97 353
98 305
99 250
