0 942
1 396
10 233
100 81
101 79
102 29
103 482
104 722
105 568
106 363
107 820
108 80
109 189
11 80
110 83
111 102
112 397
113 184
114 438
115 240
116 79
117 851
118 821
119 437
12 875
120 396
121 851
122 190
123 952
124 647
125 723
126 921
127 987
128 920
129 951
13 438
130 854
131 411
132 430
133 510
134 111
135 324
136 986
137 262
138 791
139 486
14 617
140 951
141 39
142 642
143 79
144 438
145 318
146 116
147 193
148 921
149 838
15 510
150 437
151 791
152 853
153 190
154 363
155 380
156 951
157 485
158 640
159 438
16 640
160 847
161 406
162 174
163 820
164 647
165 83
166 838
167 588
168 956
169 363
17 983
170 86
171 906
172 700
173 951
174 184
175 188
176 363
177 186
178 437
179 838
18 574
180 957
181 951
182 926
183 984
184 951
185 363
186 821
187 438
188 578
189 431
19 401
190 878
191 134
192 155
193 952
194 877
195 83
196 817
197 588
198 158
199 397
2 374
20 905
200 878
201 853
202 792
203 63
204 246
205 951
206 957
207 788
208 297
209 437
21 876
210 875
211 921
212 851
213 647
214 482
215 877
216 877
217 362
218 126
219 984
22 821
220 79
221 394
222 623
223 537
224 174
225 438
226 437
227 486
228 822
229 125
23 406
230 188
231 551
232 526
233 792
234 791
235 488
236 169
237 975
238 951
239 983
24 397
240 609
241 956
242 847
243 1007
244 155
245 985
246 94
247 955
248 822
249 784
25 86
250 390
251 951
252 438
253 792
254 169
255 566
256 492
257 951
258 461
259 925
26 903
260 903
261 647
262 903
263 822
264 847
265 984
266 514
267 606
268 240
269 396
27 906
270 984
271 438
272 494
273 493
274 201
275 385
276 438
277 822
278 835
279 821
28 318
280 510
281 246
282 510
283 955
284 822
285 363
286 411
287 116
288 987
289 947
29 279
290 983
291 438
292 363
293 84
294 791
295 838
296 820
297 904
298 987
299 517
3 437
30 316
300 811
301 79
302 985
303 396
304 624
305 438
306 722
307 111
308 920
309 363
31 951
310 81
311 957
312 485
313 926
314 396
315 548
316 806
317 926
318 396
319 822
32 438
320 363
321 437
322 79
323 786
324 438
325 46
326 623
327 791
328 435
329 169
33 280
330 817
331 83
332 395
333 722
334 903
335 951
336 722
337 578
338 984
339 817
34 486
340 951
341 983
342 190
343 822
344 951
345 639
346 822
347 438
348 956
349 80
35 79
350 951
351 455
352 921
353 729
354 877
355 987
356 86
357 791
358 495
359 393
36 324
360 559
361 363
362 821
363 86
364 438
365 639
366 98
367 822
368 906
369 116
37 485
370 437
371 951
372 821
373 817
374 1007
375 728
376 385
377 571
378 983
379 947
38 551
380 624
381 578
382 116
383 906
384 318
385 790
386 438
387 951
388 983
389 438
39 363
390 94
391 190
392 947
393 985
394 921
395 571
396 822
397 507
398 432
399 98
4 822
40 414
400 921
401 437
402 986
403 134
404 877
405 396
406 396
407 640
408 786
409 926
41 79
410 86
411 485
412 838
413 80
414 951
415 205
416 190
417 318
418 155
419 86
42 397
420 437
421 951
422 831
423 407
424 396
425 820
426 486
427 951
428 852
429 984
43 83
430 951
431 52
432 30
433 973
434 27
435 438
436 821
437 650
438 588
439 836
44 411
440 363
441 653
442 903
443 437
444 951
445 951
446 822
447 876
448 437
449 851
45 297
450 568
451 186
452 852
453 406
454 482
455 437
456 430
457 877
458 722
459 402
46 951
460 820
461 438
462 169
463 987
464 835
465 86
466 190
467 359
468 640
469 495
47 411
470 190
471 116
472 851
473 951
474 801
475 79
476 821
477 653
478 174
479 438
48 821
480 359
481 838
482 984
483 486
484 80
485 169
486 984
487 953
488 200
489 921
49 903
490 86
491 84
492 48
493 951
494 921
495 821
496 438
497 318
498 921
499 851
5 956
50 185
500 210
501 821
502 375
503 249
504 427
505 186
506 486
507 723
508 405
509 405
51 578
510 363
511 847
512 983
513 318
514 385
515 80
516 362
517 966
518 952
519 375
52 541
520 951
521 566
522 642
523 526
524 847
525 611
526 838
527 438
528 42
529 486
53 985
530 116
531 820
532 438
533 878
534 297
535 926
536 906
537 407
538 134
539 838
54 557
540 983
541 397
542 485
543 438
544 926
545 926
546 722
547 986
548 877
549 784
55 438
550 438
551 167
552 438
553 820
554 438
555 821
556 116
557 297
558 169
559 297
56 438
560 48
561 956
562 482
563 438
564 836
565 586
566 604
567 951
568 93
569 926
57 167
570 375
571 190
572 437
573 438
574 921
575 811
576 984
577 437
578 116
579 514
58 903
580 951
581 437
582 847
583 820
584 411
585 396
586 792
587 590
588 190
589 821
59 804
590 951
591 820
592 983
593 526
594 984
595 42
596 482
597 435
598 822
599 438
6 877
60 949
600 240
601 951
602 559
603 318
604 80
605 80
606 820
607 926
608 926
609 438
61 875
610 375
611 201
612 785
613 169
614 951
615 847
616 438
617 363
618 986
619 438
62 551
620 820
621 984
622 455
623 397
624 438
625 438
626 485
627 116
628 116
629 821
63 609
630 953
631 80
632 852
633 926
634 722
635 876
636 835
637 81
638 485
639 396
64 429
640 437
641 437
642 438
643 363
644 722
645 951
646 851
647 362
648 983
649 624
65 613
650 116
651 590
652 363
653 359
654 184
655 155
656 983
657 822
658 517
659 486
66 363
660 438
661 876
662 393
663 438
664 836
665 438
666 921
667 623
668 593
669 947
67 956
670 955
671 951
68 920
69 984
7 951
70 722
71 973
72 438
73 722
74 984
75 956
76 438
77 438
78 951
79 903
8 847
80 406
81 116
82 486
83 958
84 505
85 437
86 486
87 625
88 624
89 79
9 411
90 438
91 951
92 838
93 189
94 820
95 836
96 395
97 486
98 205
99 116
