0 0
1 1
10 2
100 3
101 4
102 5
103 6
104 7
105 8
106 9
107 10
108 11
109 12
11 13
110 14
111 15
112 16
113 17
114 18
115 19
116 20
117 21
118 22
119 23
12 24
120 25
121 26
122 27
123 28
124 29
125 30
126 31
127 32
128 33
129 34
13 35
130 36
131 37
132 38
133 39
134 40
135 41
136 42
137 43
138 44
139 45
14 46
140 17
141 47
142 48
143 49
144 50
145 51
146 52
147 53
148 54
149 55
15 56
150 57
151 58
152 59
153 60
154 61
155 36
156 62
157 63
158 64
159 9
16 65
160 66
161 67
162 68
163 69
164 70
165 71
166 72
167 73
168 74
169 75
17 9
170 76
171 77
172 78
173 79
174 80
175 81
176 6
177 82
178 83
179 84
18 85
180 86
181 87
182 88
183 89
184 90
185 91
186 92
187 71
188 93
189 94
19 95
190 96
191 13
192 97
193 74
194 17
195 98
196 71
197 99
198 100
199 101
2 102
20 103
200 70
201 104
202 105
203 106
204 107
205 108
206 109
207 110
208 22
209 111
21 112
210 113
211 114
212 115
213 116
214 117
215 118
216 119
217 55
218 120
219 121
22 122
220 123
221 43
222 31
223 124
224 16
225 9
226 125
227 126
228 127
229 103
23 128
230 59
231 129
232 130
233 17
234 131
235 132
236 133
237 134
238 135
239 136
24 137
240 138
241 139
242 16
243 140
244 141
245 142
246 41
247 143
248 144
249 145
25 146
250 116
251 147
252 148
253 149
254 150
255 151
256 152
257 153
258 31
259 154
26 155
260 156
261 157
262 158
263 6
264 94
265 159
266 160
267 161
268 162
269 64
27 163
270 62
271 164
272 165
273 166
274 131
275 97
276 28
277 167
278 17
279 14
28 23
280 168
281 169
282 170
283 22
284 171
285 162
286 172
287 173
288 76
289 174
29 175
290 176
291 177
292 79
293 178
294 179
295 180
296 181
297 182
298 183
299 184
3 67
30 185
300 186
301 16
302 138
303 187
304 188
305 189
306 190
307 64
308 191
309 192
31 193
310 36
311 194
312 195
313 134
314 196
315 197
316 55
317 198
318 199
319 200
32 201
320 70
321 17
322 202
323 84
324 203
325 204
326 17
327 205
328 206
329 207
33 208
330 209
331 9
332 100
333 70
334 59
335 210
336 211
337 139
338 212
339 213
34 214
340 215
341 168
342 216
343 6
344 217
345 31
346 218
347 219
348 220
349 221
35 222
350 223
351 224
352 225
353 226
354 227
355 202
356 228
357 229
358 230
359 231
36 232
360 233
361 234
362 235
363 236
364 213
365 237
366 238
367 239
368 240
369 123
37 241
370 225
371 242
372 31
373 243
374 244
375 245
376 246
377 82
378 247
379 248
38 249
380 68
381 250
382 251
383 252
384 253
385 17
386 254
387 255
388 256
389 257
39 165
390 258
391 199
392 259
393 16
394 260
395 261
396 262
397 50
398 179
399 263
4 264
40 13
400 31
401 265
402 266
403 108
404 267
405 252
406 122
407 268
408 269
409 270
41 271
410 211
411 272
412 273
413 168
414 274
415 110
416 66
417 19
418 77
419 30
42 275
420 276
421 277
422 278
423 279
424 280
425 258
426 229
427 17
428 281
429 282
43 66
430 283
431 284
432 285
433 286
434 287
435 288
436 229
437 289
438 108
439 290
44 45
440 291
441 292
442 293
443 294
444 295
445 263
446 125
447 296
448 297
449 298
45 299
450 300
451 211
452 301
453 62
454 22
455 172
456 218
457 63
458 302
459 36
46 303
460 107
461 271
462 304
463 259
464 305
465 306
466 6
467 157
468 73
469 307
47 83
470 308
471 309
472 304
473 161
474 310
475 282
476 301
477 263
478 311
479 211
48 9
480 312
481 139
482 153
483 261
484 313
485 78
486 138
487 59
488 157
489 233
49 314
490 211
491 125
492 168
493 261
494 154
495 9
496 315
497 36
498 293
499 316
5 317
50 160
500 318
501 78
502 319
503 213
504 125
505 320
506 6
507 16
508 321
509 88
51 322
510 323
511 17
512 317
513 324
514 325
515 326
516 209
517 38
518 263
519 286
52 327
520 123
521 328
522 329
523 30
524 303
525 64
526 330
527 331
528 161
529 36
53 180
530 180
531 101
532 332
533 333
534 334
535 335
536 336
537 316
538 70
539 337
54 288
540 338
541 303
542 339
543 340
544 165
545 211
546 341
547 342
548 36
549 34
55 126
550 343
551 344
552 345
553 202
554 346
555 198
556 347
557 340
558 93
559 348
56 349
560 350
561 351
562 351
563 36
564 28
565 41
566 352
567 194
568 351
569 353
57 354
570 355
571 356
572 357
573 304
574 119
575 358
576 139
577 125
578 359
579 215
58 360
580 78
581 98
582 361
583 362
584 70
585 363
586 364
587 6
588 229
589 362
59 59
590 165
591 150
592 168
593 365
594 70
595 366
596 352
597 209
598 213
599 36
6 230
60 367
600 97
601 368
602 369
603 63
604 60
605 223
606 17
607 370
608 17
609 6
61 304
610 371
611 16
612 17
613 159
614 372
615 373
616 374
617 67
618 17
619 375
62 275
620 39
621 16
622 204
623 112
624 376
625 168
626 377
627 223
628 378
629 166
63 137
630 379
631 380
632 93
633 381
634 382
635 185
636 383
637 271
638 36
639 4
64 367
640 343
641 155
642 384
643 302
644 385
645 197
646 126
647 358
648 184
649 386
65 387
650 9
651 71
652 274
653 239
654 388
655 389
656 374
657 390
658 391
659 392
66 255
660 393
661 82
662 302
663 394
664 395
665 396
666 117
667 144
668 397
669 13
67 50
670 267
671 59
672 273
673 229
674 398
675 338
676 380
677 16
678 399
679 255
68 218
69 400
7 168
70 401
71 326
72 55
73 285
74 97
75 257
76 366
77 402
78 216
79 374
8 403
80 404
81 271
82 405
83 406
84 293
85 407
86 73
87 116
88 408
89 301
9 168
90 409
91 238
92 410
93 411
94 6
95 343
96 27
97 396
98 412
99 211
